dataset_source,n_items,max_encode_tokens,topK,n_rand,baseline_acc,topK_acc,drop_topK,randK_mean_acc,randK_std_acc
THUDM/LongBench-v2,10,16384,8,5,0.2,0.1,0.1,0.24000000000000005,0.10198039027185571
